1007
1018
1020
10270
10294
1033
1034
1037
10413
10443
10465
10573
10640
10641
10642
10643
10668
10745
10749
10760
10772
10984
11144
11147
11157
11162
11171
1118
11235
1126
11546
1193
11969
12003
12120
1220
12257
12258
12263
12283
1232
12507
12526
1277
13368
13395
13405
13416
1365
13654
13897
13917
13928
13947
13977
14022
14028
14114
14121
14148
14221
14253
14254
14278
143
14341
14342
14343
14344
14350
14389
1445
14482
14566
14575
14677
14725
14825
14860
14876
14880
14937
14939
14941
15175
155
15948
16031
16064
16330
16369
16372
16375
16383
16389
16399
16403
16416
16658
1701
1712
1730
1744
1759
17684
17696
1781
1803
181
18129
1829
1830
18368
1842
18420
18425
18428
1844
18449
18492
18501
18510
18519
18559
18582
18587
18593
18596
18637
18686
18701
18749
18776
18824
18825
18826
18828
18830
18832
18835
18854
18895
18940
18941
19116
1920
19235
19402
19405
19408
19410
19438
19470
19970
20249
20259
20750
20906
2118
21277
21286
21290
21297
21309
21310
21315
21319
21321
21324
21325
21331
21332
21335
21345
21356
21404
21413
2208
2216
22738
22758
22763
22851
22995
23461
23462
23493
23599
23615
23636
23639
23640
23654
23665
23697
23725
23776
23797
23824
23875
23900
24036
24039
24041
24042
24045
24046
24049
24070
24182
24196
24214
24239
24245
2426
245
24649
24654
24655
24656
24659
24661
24674
24690
2500
2539
2550
2554
2562
2609
2611
26365
2637
2639
2641
2644
2655
2671
26928
26933
26935
26937
26939
26944
26954
26971
26975
26978
26991
27005
27049
2708
2750
2802
28450
28510
28521
28522
28524
28553
28931
28945
29224
29313
29318
29339
29380
29474
29480
29483
29484
29485
29487
29494
29506
29523
29552
29566
29602
29647
29667
29693
29697
29714
29732
29776
29875
29958
29961
29962
29964
29969
29973
29975
29976
29977
29980
30059
30134
30149
30154
30364
304
30527
3062
30636
30637
30644
30645
30647
30648
30652
30667
30686
3082
3124
3126
3128
3132
3148
31723
31918
32567
32740
32803
32811
33134
33406
33426
33430
33431
33434
33451
33468
33494
33522
33523
33527
33553
33556
33558
33841
35094
35096
35213
35276
35279
35377
35425
36116
36203
36293
36314
36332
36370
36412
36426
36434
36449
36491
36511
36513
36525
36576
36603
36613
36631
36656
36678
36747
3682
36843
36846
36877
36882
36889
36891
36893
36900
36907
36969
37024
37042
37113
37114
37115
37216
3736
3739
37408
3750
37543
37562
37564
37566
37569
37578
37580
37584
37614
3763
379
3818
3819
3820
3829
38398
3855
3868
38791
389
3977
3978
39783
39873
39997
4050
4057
4061
40615
40627
40654
40669
40675
40677
40678
40679
40681
40691
40697
40701
40705
40707
40717
40724
40725
40729
40739
40740
40752
40753
40755
40781
40782
40785
40811
40817
40823
40877
41117
41159
412
41684
417
4186
4187
419
4240
42553
42554
42557
42560
42614
42618
42630
42778
4289
4302
43268
43582
43583
43627
43642
43659
43677
43715
43730
43733
43747
43753
43823
43825
43838
43919
43931
43932
43957
43958
43965
44005
44013
44019
44028
44064
44205
44277
44279
44281
44284
44289
44368
44401
44402
44415
44420
44429
44496
44587
44590
44702
44774
44910
44942
44943
44952
44954
45544
45701
4607
47083
47890
47900
47930
47933
47936
47937
47940
47944
47946
47965
47974
47981
47994
48001
48003
48011
48023
48039
48075
48078
48092
48093
48094
48096
48120
48389
48823
49455
49456
49610
49631
49638
500
504
50464
50476
50487
50501
50520
50530
50534
50581
50706
50940
50951
50999
51110
51137
51138
51167
51169
51170
51171
51172
51175
51186
51188
51199
51202
51275
51297
51299
51316
51333
51514
51628
51634
51635
51637
51640
51641
51645
51647
51654
51670
51673
51674
5199
5222
5254
5262
5268
5277
53180
53246
53261
53833
53834
53842
53844
53848
5385
53851
53854
53866
53878
5388
53891
53905
5391
53919
53923
53951
53955
5402
5422
5428
54446
5446
5458
5460
5488
5489
54963
54989
55000
55073
55598
55657
5566
55725
55758
5576
55760
55771
55808
55822
55823
55832
55860
55897
56099
56100
56102
56160
56166
56269
56288
56294
56297
56308
56321
57335
57344
57366
57371
57380
57386
57472
5752
57899
57920
58092
58199
5848
58998
59050
5934
6078
6109
611
613
624
640
658
665
695
7089
7090
7095
7098
7099
7113
712
7375
7379
7380
740
7443
7447
7502
7583
7630
7716
7746
7795
7801
7873
7981
8104
8107
8115
8201
8205
8420
858
8631
8754
8769
8782
8790
8971
8974
9186
9907
9909
